-0.705882
-0.585366
